recusal: 41.534986
russian: 21.369822
officials: 20.814866
vida: 20.767493
recuse: 20.767493
aidid: 20.767493
politico: 20.767493
tupelo: 20.767493

