facts: 23.044697
labor: 22.893534
quincy: 22.893534
pontiac: 22.893534
stoker: 22.893534
bram: 20.120967

